25
30.188189
91.039266
11.698104
13.280411
2.5
6
5.5
72.523516
37.154965
63.456812
8.3840469
28.569977
34.363492
35.757508
20.02
28.21
20.153256
13
17.574201
13
36.027715
18.3
11.57
19.139012
59.037414
-2
5.6822563
49.175797
4.1483574
27
17.240074
-2
14.835164
21.758
25.185568
14.8265
22.21709
22.817553
36.013859
36.126691
15.465367
30
8.4885625
23.428012
18.07
14.5405
32.981711
-2
-2
9.8278838
25.48
35.28
32.735756
30.5
152.5
48.260543
16.253447
8.25
27.186896
21.125
22.75
23.418014
22.817553
23.825865
2.0060046
25.404281
-2
27.726855
28.083604
36.430023
21.5
18.357707
10.608
32.357
-2
51.14827
15.174946
5.147543
43.233258
-2
18.00693
-2
16.812934
34.8
-2
10.92
19.346883
63.0485
16.22446
18.190932
34
55
86.082219
133.30166
39.56457
44.5
20.064088
12.184604
14.609237
34.008316
35.824684
33.12868
37.5
58
-2
27.020785
38.541414
80.175828
6.2327944
27.710162
13.484505
-2
32.807945
34
47
19.893949
31.491918
31.145766
44.86
38.896719
24.278271
21.205584
21
21.902039
5.5713228
26.648668
15.612009
35.691457
-2
4.0532664
53.76882
22.317
51.910461
45.593074
22.494518
15.452335
10.87052
50.905492
13.26
17.16
25.165453
31.109932
22.418768
59.866051
60.046188
31.5
125
14.5
20
24.5
20.319631
23.892379
30.105576
35.082484
37.797387
-2
97.941273
71
42.933027
20.109469
60
-2
6.2888159
14.995385
3.5109668
21.4
-2
29
3.4160227
34.503684
40.636551
35.024941
34.958895
41.419863
23.927912
25.783834
28.221709
27
17.548076
-2
-2
-2
22.463279
7
14.021774
35
19.5
41.722
23.375982
28.684064
21.969176
27.420285
36.913395
47.838801
15.86
16.12
22.880238
12.801508
22.166814
5
53.753352
12.784245
13.471268
14.893467
30.959816
26.234
15.624619
-2
38.37552
46.164469
29.470752
46.475754
18.000006
21.457852
21.90175
24.433965
14.5
14.258094
19.838
-2
22.698
22.488111
29.912219
20.820623
40.53118
12.609103
5.425
20.66976
17.435437
20.696
30.281293
21.424578
22.21709
6.9413394
54.672055
38.429563
48.187066
35.024941
26.246189
21.772748
34.051766
54
49.851891
61.97968
10.207853
13.5
28.257857
23.5
13.5
23.418014
28.822172
21.616629
11.379054
11.585
10.524538
35.66782
51.873902
101.82841
13.720117
-2
5.109
21.886836
14.69685
-2
35.583371
25.369516
63.672895
17.5
24
70.872258
73.256352
47.964898
32.110016
24.168592
41.732102
22.5
34.310395
28.766975
34.502
-2
40.801387
32.4935
32.188
13.417882
26.5
29.5
15.612009
58.598418
28.076924
42.230484
32.046545
38.525637
39.25
24.303887
21.790246
20.527391
32
8.0550981
13.852656
42.009313
42.17668
15.089783
23.509238
11.5
9.8165
11.35
-2
36.123789
22.1355
22.788
19.485
19.301197
83.733258
12.676521
40.837414
43.713625
2.3142856
37.697
44.650348
20.15
28.834
39.507
38.35
25.15335
35.489836
36.620324
21.5
18.237588
22.922484
7.8060044
6.0346421
52.5
-2
33.961586
34.112238
27.20693
25.807854
13
14.744
13.556004
21
18.265
22.165
-2
17.9285
25.171363
50.036492
66
90.979445
26.298109
30.065129
20.271428
23.861605
24
25.819861
19.38291
22.139031
34.263855
21.799602
21.308314
30
24.89251
22.470559
16.5
10.0006
21.508545
42.575031
40.372
20.096701
30.529363
36.308027
20.067814
11.968974
17.743648
13.384238
24.692664
42.9
-2
10.9795
2.5
30.846547
7.0438799
21.19
23.135797
9.2212773
21.016166
27.861432
41.976125
55.379887
31.011547
31.194457
11.481626
17.149191
2.8882217
14.144
19.162
20
23.284049
12.729792
5.6442837
20.566
24.768043
15.365766
19.071953
24.076
41
21.208314
18.542264
20.061432
13.479474
18.001848
22.421246
21.164
.0012
-2
16.196676
23.4
13.672518
20.228
21.635455
-2
15.999999
13.26
58.5
80
14.607747
19.578
15.7
36.479805
27
28.071594
14.352
17.794719
30.09515
29.5
32.85127
13.724896
17.069131
14.825404
20.289607
28.539955
23.222863
38.643328
32.609828
16.970404
26.612471
25.819861
31.253898
12.506
19.515012
-2
25.46559
14.705543
13.832
40.796641
19.916
32.881293
19.214781
18.704596
3.9756685
12.337358
23.4
24.13076
14.3
10.387721
12.499791
16.981865
24.775059
14
7.25
12.6097
19.604805
26.420324
39.852656
62.820324
38.647129
33.82402
20.41
.0006
22.925637
23.353145
19.693928
19.466373
22.994787
68
111.15384
13.065
12
17.68
15.05358
33.17552
9.4
14.495
11.96
-2
-2
-2
24.721016
24.529418
22.84376
29.399641
26
16.092379
22.583373
37.006328
31.43418
32.5
11.5
36.673285
-2
-2
19.967088
28.076924
.0006
31.824
9.828
7.8
37.5
26.009238
15
3.8424524
18.68083
40.735336
72.89225
-2
17.742219
15.6
20.54873
6.2636836
10.929313
49.83834
31.46
35.149191
50.000598
-2
-2
25.89691
18.614318
18.013857
38.25
18.951922
25.102373
16.484
-2
10.79
14.612
13.494
12.51963
17.68
19.471254
27.489146
22.205082
28.826223
18.2
6
21.739783
25.23141
13.768592
29.285373
17.617553
32.827254
18.512
-2
23.462959
31.486
37.8235
20.715936
31.486
47.418477
30.780064
26.5
27.689846
21.136168
41.259238
25.089699
34.226328
25.30009
20.7285
15.5
34
30.023094
22.695238
17.911777
14.630093
20.099045
21.736
28.410744
13.90753
-2
42.032332
20
51.687762
-2
28.652
18.970941
18.831729
111.64896
17.593535
29.698846
37.739031
34.491973
12.22
45
30.023094
16.562
20.748
14.885682
16.236489
12
23.111779
30.232074
-2
83
22.511547
36.027715
36.027715
-2
11.154115
9.1526641
12.951963
25.819863
37.228637
11.712146
17.522527
28.6886
28.581986
16.931426
18.499307
14.321017
11.619554
18.85
32.007
42.7625
44.91657
33.463742
44.338109
21.502
16.212471
21.172287
-2
-2
-2
13.156
18.52933
5.9014287
1.2006
24.015725
14.534
26.6
16.2
20.8
13.104
20.415705
22.418768
17.112252
13.316232
36.934414
39.140535
2
7.886
31.5425
28.079793
16.644803
25.430369
29.115367
20.003695
29.104389
18.752371
28.83418
30.023094
4.6923081
12.74
16.173441
6.6050811
40.549191
-2
12.6097
12.417553
3.4756045
-2
11.489912
34.512934
34.256352
2.0914285
-2
4.8222534
42.4
9.0369521
20.8
23.4
14.955812
16.77
10.821429
16.059057
27.753342
29.905082
30.524
33.013859
-2
15.72193
34.144316
48.5
18.4
22.781525
25.96376
32.5
14.3
19.5
18.566154
20.391686
41.256762
10.341016
18.9215
-2
-2
20.28
23.972
28.837748
26
32.100693
19.801391
20.8
20.415705
38.345496
43.833719
22.817551
41.263742
30.128752
3.2731033
17.656467
14.309008
13.474365
14.3
19.801012
36.85
-2
24.324711
27.381062
14.423076
21.84
11.5
27.957506
4.7858013
61
37.934285
9.36
-2
-2
15.811169
16.77
12.503388
39.030023
25
30
34.5
22.511547
17.959246
26.754602
-2
45.5
12.991827
30.939869
18.799453
2.079
16.17059
-2
-2
15.86
9.1959102
.27197803
21.286162
15.694109
18.013857
14.092
-2
12.798735
27.705313
33.385684
28.512646
24.018477
30.704668
14.144
19.5
58.5
14.795486
32.442957
31.344111
35.403234
22.450186
20.474529
13.450347
25.819861
34.226328
18.314088
9.1285713
11.752
6.6442129
20.415705
21.016166
10.348997
-2
19.815242
24.018477
11.648
15.61201
12.309469
10.4
12.172522
21.25
18.396855
18.7005
25.340814
24.018477
.45419553
5.8006001
13.922191
26.087488
-2
36.85
16.64
17.566172
20.072
17.68
11.752
11.999
23.059238
30.011547
1.5
13
15.692308
17.57552
18.409676
24.942346
62.260973
40.0575
125
28.774943
10.1568
3.8433574
16.584896
18.992551
14.1
15.89007
11.908
-2
21.922932
26.678475
13.769313
-2
14.124199
13.5
12.153349
19
8.75
3.75
21.503377
26.485107
25
20
31.071676
44.160738
13.455543
14.714319
26.660162
50.775059
16.031131
-2
14.177239
-2
14.357044
13.494
15.009101
8.5
18.013857
19.040934
45.193129
5.7930249
25.048098
19.310855
23.34683
24.618938
29.362588
11.4
1.2006
11
32.683143
26.320463
20
31.50023
38.188418
16.9
20.415705
13.1176
27.011547
25.929521
31.110766
40
15.955543
29.25
19.75
5.4034575
46.954242
72.5
26.5
14.405081
-2
-2
11.498846
17.106697
17.707146
20.711531
24.718084
44.5
24.618938
17.391043
49.5
30.407391
46.061434
31.827229
33.828
19.226
18.25
37.745035
66.098844
25.859793
27.020785
23.589098
13.416
33.312934
33.812934
28.4
11.67142
6.8510669
21.610623
25.76582
-2
30.613625
34
25.500611
25.510625
4.9411152
27.879086
27.976
-2
14.035077
20.626
33.75
40.216434
42.360652
8.9450801
-2
-2
43.415703
11.5
14.25
26.11773
33
23.712
14.939492
9.6496797
-2
21.245469
-2
.1006
13.547938
27.118
24.232
15.574
24.018477
28.569977
30.977828
7.5000005
15.808
7.6138574
14.612
17.113164
18.278
29.431227
-2
31.5
32.809152
49
-2
-2
33.926098
20.93
-2
27.603232
13
14.898
-2
-2
36.192
40.3
32.085348
18.407275
21.358545
14.456
18.954
39
24.978082
16.901869
14.771812
6.9851338
18.668
20.337645
8.6663779
16.673732
18.486
22.568
-2
4
12.866721
6.9012847
17.264
19.214781
16.812934
54.604031
21.905352
39.564434
-2
15.13164
24.000463
27.050809
29.75
37.25
9.3107568
26.239484
26.019822
35.802
29.354
38.766164
79.030023
28.75
87.066977
-2
36.027715
-2
19.8
29.302
.3474101
16.146
11.222633
13.534411
8.20929
15.612009
25.2194
16.610039
47.516258
14.482
14.247752
-2
34.77048
22.1
16.540594
18.240861
51.3
38.8475
41.116629
10.864296
64.867898
15.5
11.000601
31.011547
22.1
16.74448
20.085
21.398
6.2695083
11.5
25.546291
42.147805
50
21
21
47.593
-2
-2
30.023094
9.2411084
23.321939
18.145959
15.86
-2
-2
32.719168
15.9
30.05
35.018938
132.10163
14.631642
29
29.612008
22.009238
19.575328
24.331342
23.123789
13.330254
50
8.6845
19.01907
16.570986
21.550764
26.300555
12.579677
11.281635
3.5839746
18.2
30.008238
20.904
21.32
23.605861
33.926098
46.980141
.0006
20.755412
20.379676
23.556582
6.0211152
20.304473
28.371824
17.758
23.009699
30.065127
37.378754
36.5
-2
52.036031
26.65
21.065771
-2
45.034645
25.194
36.5
43.5
-2
47.723941
15.655543
17.00693
5.259
-2
36.027715
34.922863
14.72223
34.80473
33.967457
-2
16.612
17.413395
-2
-2
20.311283
17.361711
25.445115
28.116982
90.469047
24.000463
26.870729
-2
24.759238
30.88924
28.92425
51
20.45
23.452289
17.413395
17.455428
44.085914
44.22402
17.09515
-2
26.456352
29.922652
-2
-2
10.508353
12.892
5.8721348
14.768
17.09649
15.8
15.782
7.5
13.468
-2
19.258314
9.6374141
11.612964
-2
12.038
16.3175
22.942855
21.287188
16.856467
6.7098159
18.6
18.408
-2
13.767951
13.975573
10.4
-2
-2
10.4
-2
43.572949
12.25
29
17.129994
30.537143
10.036
16.512703
13.204157
23.874365
13.624
65.282656
17.269283
25.609971
16.812934
9.5256191
19.912
45
13.985303
-2
-2
21.68
8.209667
10.946421
11.846946
-2
8.06
22.071096
24.910801
14.6
14.352
31.886113
42.5
24.490426
31.980602
8.4968613
20.598846
22.708545
29.859465
19.523793
24.277137
15.262
49.6
79.614086
49.618938
17.967633
5.1
20.233314
10.161284
24.174596
23.14
20.012559
29.422633
36.027715
19.632189
21.148203
25.451186
35.7
33.331641
-2
27.5
25.819861
27.21016
20
-2
-2
20.405467
13.618114
11.099175
-2
30.623559
-2
29.51
59.685914
-2
28.221711
24.000463
37.297387
7
38.729793
6.4238999
3.0916418
17.10826
28.011547
21.7
15.948268
18.516947
16.818938
16.252801
8
26.25
25.819861
38.429563
26.5
.73078198
31.22402
24.5
10.620559
12.423077
15.3
9.25
16
2.2523333
22.036951
10
51.339492
24.25
24.618938
12.35
5
18.968715
3.5
8.9468818
22.493303
32.057969
14.126304
39.888684
45
14.155273
22.337184
29.579717
27.863566
34.9
64.924941
39.228176
57.5
31.224018
26.256811
31.5
45.518477
13.5
16
17.68
28
26.5
25.376684
29.198
35.547344
-2
17.286223
13.78
18.733695
15.418
6.7792148
10.495
24.450809
29.07016
22.298119
14.535682
34
10.25073
12.48
21.766818
20.390215
25.276141
39.691652
26.3
-2
11.603687
20.15
-2
15
24.481799
16.25
34.304391
11.509
25.25
-2
31.513857
22.089035
12.74
5.33
56.413398
24.618938
30.137184
21.759238
36.9
26.5
27.5
19.388914
32.647113
-2
24.261488
16.206004
6.89
34.526559
27.404
25
37
14.474135
13.273326
-2
30.725635
23.35
26.011547
21.976906
21.00693
36.027715
33
13.810624
7.41
13.27
-2
16.5
18.72
.04594439
20.852
15.011547
17
14.169537
15.011547
37.336723
23.120238
21.082217
33.637902
17.0525
36
25.528176
54.879188
16.038338
36.027715
-2
58.25
39.5
-2
63.527715
15.8
18.068768
30.45
23.5
22.009238
18.60448
12.550488
38.5
23.792328
30.153135
14.994
29.9
-2
16.453781
-2
3.8609702
19.76
-2
10.92
21.016166
19.624391
24.759238
25.408775
24.018477
29
16.5
40
26.9
28.035
23.01
50.981539
20.28
61.25
41.08
29.999998
35.853582
37.829098
70.254039
30
73
19.889238
23.14284
33.699184
55.221711
18.614318
30.560625
7.54
25.662598
26.9
16.392
200
26.009238
1.4136699
43.492148
-2
-2
30.602
23.434066
43.023855
26.499732
19.5
24.009238
.0012
24.618938
48.036953
33
19.251502
36.027715
70.8545
27.5
27.561986
20.8
33.753902
22.88
25.004949
90.44157
26.586473
17.5
37
16.835734
22.408957
5.0006001
23.49007
19.50693
13.362821
28.5
37.511547
16
36.811246
11.216628
14.599529
-2
-2
18.43418
16.029099
33.499016
6.4039443
41
14.128389
20.8
22.507143
13.474805
-2
8.5
18.821299
52.8
23.408775
19.214781
15.852194
-2
17.45
46.836027
48.637414
22.079381
12.564348
24.2
-2
16.992779
22.585605
49.220832
22.5
24.442193
14.978887
12.116
13.286261
15.655436
24.306697
16.809943
35.062934
10.928571
21.84
20.741982
23.353145
244.18384
40.83141
8.7714727
10
9.1508506
-2
11
17.5
7
25.819861
26.018014
27.259238
6.5
25.009238
10.78699
24.618938
20.089857
39.030023
27.411086
26.720555
27.5
30.052338
.0012
9.25
28.221709
16.64
15.5
26.85
13.229152
-2
34.226328
-2
14.872
13.5
14.631299
30.710162
14.248103
9.7274824
28.411086
-2
20.5051
18.33
30.98984
16.948
-2
55
-2
10
15.258
22.377477
26.52
-2
12.108572
38
25.49
15.61201
42.01732
58.501172
23.98434
12.818
44.032562
-2
15.072
19.632461
29.51
14.411086
16.484
-2
28
30.366977
-2
7.2006001
20.769809
21.5
45
9.62
16.38
48.5
-2
52.334066
16.9
23.22458
-2
25.109699
16.306004
-2
40
22.7
23.664205
18.607391
-2
20.331641
17.413395
19.808082
25.185
81
29.936852
78
-2
12.093
5.2
3.1149634
16.462492
26.990385
12.22
18.75
-2
34.7
28.017553
-2
17.966
34.530715
22
29.272518
15.654899
31.662355
30.5
28.810625
1.9181787
16.5
14.82
29.2485
9.2552402
18.70075
22.817553
-2
31.5
19.4
-2
33.613164
3.1
51
-2
-2
35.42725
12.792
24.909932
5.897
8.0846953
.0006
30.01709
19.454965
21.25
10
14
56.023094
22.327246
28.509238
17.261299
12.267437
-2
9.2538457
28.409092
60.023094
-2
15.651873
.0012
27.244
17.565475
13.5
15.245958
14.3
9
27
18
-2
3.8064753
29.011547
14.612
-2
17.68
22.21709
37.829098
70
-2
41.344016
12.803233
20.109699
35.5
33.76
27.4
29.411086
58
18.84565
25.819863
8.1292334
13.876012
25.819861
-2
-2
18
13.91
13.5
25.659238
-2
14.122864
36.027715
9.6
22.493303
39.501934
17.903852
16.12
18.516947
14.711316
6.5
18.317
16.159615
14.8
85.265594
15.86
16.872102
14.310459
34.826789
23.5
12
37.445457
9.0178643
20.920094
22.306484
-2
17.884121
18.525
29.602771
16.806467
15
28.015189
36.027715
.0012
38
