7.9766616
10.9116
22.21709
18.5
16.016486
39.030023
33.070242
5.182061
-2
10.035865
19.37
1.1105619
28.143496
17.677598
38.501922
6.7363086
8.97
14.74134
9.9076211
24.322848
4.4550459
13.810624
38
2.8899517
27.943625
6.7998389
14.105081
8.8357139
4.6092554
15.840186
33.721938
14.409335
-2
1.9016348
10.1335
5.403876
7.2475752
8.4951328
-2
22.21709
14.110854
7.9321016
4.8036953
17.413395
17.413395
9.867
10.538106
2.4866716
-2
1.1525999
14.104504
7.205543
19.68068
-2
3.375
14.60577
3.8496848
1.0036246
8.25
19.022633
8.4064668
9.0069287
1.891455
4.0576494
4.7370732
4.082
7.5782598
-2
7.8443154
36.478063
4.6288437
11.606697
45.979785
69.851734
4.354
9.2348486
19.570361
15.212725
17.220941
12.867898
-2
63.424941
93.328406
11.45
-2
28.16201
29.422633
9.4823584
.8792478
28.822172
-2
-2
-2
20.681359
2.2961892
4.2533369
-2
32.683143
39.311414
6.708
18.115936
13.060047
9.589377
19.108719
34.028965
35.943152
-2
-2
-2
25.627715
15
9.3491914
7.965127
12
16.25
13.355081
-2
33.090656
32.50523
2.5032786
17.608109
8.0673257
12.103926
18.75
15.87521
-2
7.8613755
14.056813
-2
-2
6.9714282
.85230389
19.941211
18.995705
-2
-2
2.34
7.8060049
33.172945
15.870209
11.414
19.08268
35.511664
5.9385684
-2
3.64
7.1756699
19.327252
16.5
25.015242
9.2972031
15.232253
10.24358
16.328406
6.0427529
6.526
-2
27.438834
20.018283
12.950557
-2
15.611755
.0006
21.98291
26.840646
3.1175999
-2
28.50993
6.9156865
17.263279
6.6174712
9.672
44.055891
46
73.562703
5.549874
31.488221
44.248039
1.0285714
6.9695352
11.998994
40.109891
57.71584
8.9588916
-2
37.617789
3.51
22
20.5
3.9048437
5.091917
15.89467
23.991111
6.9308867
7.0225557
1.8325487
11.108545
5.2240186
6.8646133
1.4770468
53.117852
8.7373379
31.662355
39.528406
19.981014
28.353813
33.15
-2
7.0854507
2.6660508
9.6376318
19.511223
25.513625
7.5718247
10.544111
10.241382
13.455
-2
12.9
-2
25.459584
20.763973
7.15
-2
25.235441
14.411086
37.101648
64.849887
18.614318
7.8268032
6.6110854
9.9351494
-2
-2
6.5030024
-2
15.011547
13.210162
59.052355
5.616
5.9754004
1.7880789
-2
2.4138569
8.255082
7.6827314
21.971
13.7445
13.125706
17.155197
3.8190601
6.3048501
-2
18.986605
10.069371
5.8883047
4.8665771
8.6951641
18.252
5.8842808
8.71
5.148
6.3889146
6.3913662
-2
10.0097
8.4472041
13.642495
6.1499561
8.7521602
-2
13.420324
16.842957
9.2463525
18.210104
16.346511
4.6638477
9.127166
12.327482
17.719631
-2
23.532102
6.6687036
15.155658
18.29007
3.539509
20.715936
10.808314
10.315936
8.9121279
9.698291
3.9075059
8.3524248
10.843075
13
13.125669
6.3962251
6.827252
35.168359
18.602311
25.798344
33.451734
.90927081
13.136004
25
19.11259
23.076471
28.306004
-2
5.616
13.754619
8.5811973
6.6482886
27
5.577
5.8905313
7.3376445
4.44
-2
-2
12.057275
12.927944
10.045728
12.591687
6.5732793
3.4826792
12.543648
8.4695
7.1781885
5.3681294
6.9293306
6.0346421
23
6.561603
8.5986143
11.672353
30.830172
37.700461
6.7549712
2.5281101
27.75
10.808313
9.9076211
11.503105
-2
1.2647091
7.4577373
9.37321
-2
-2
13.15
19.063582
-2
-2
21.875
25.859699
3.432
4.836
5.1850786
14.753349
-2
16.212472
27.801385
32.590045
20.679197
34.226328
6.622082
-2
3.5907622
7.0655
6.5990762
9.0669746
1.7307692
10.922402
.98475751
10.842956
-2
1.4061036
5.9205542
-2
25
13.630485
7.722
8.606
9.984
8.1764604
16.525912
33.415703
-2
8.9988828
4.8839946
27.75
14.550897
18.914551
2.8882217
15.002
25.274285
-2
6.8197729
6.3058398
12.775
5.2815137
12.219399
7.3529751
5.1095947
8.0101621
14.744
-2
-2
18.926559
27.53418
23.319039
11.629296
7.5434482
10
-2
6.513
8.593
15.161663
-2
3.51
-2
23.135797
-2
26.894688
35.030949
8.3913945
6.6831406
-2
-2
-2
3.0006001
14.6
14.411086
3.2845266
5.425
-2
3.1897668
8.793418
9.8337646
13.078061
6.8068467
9.0724883
37.829098
9.5334326
12.775607
2.7542273
7.1039263
11.719926
17.223275
17.713625
-2
44.236027
14.194
15.548
31.632699
15.329793
3.65
4.654
10.375981
12.447575
2.4023093
-2
.36872321
-2
10.972
15.262
8.9862422
12.273784
9.984
8.3182002
25.68776
14.739538
6.1380718
6.9660181
17.977828
34.987516
19.088684
13.366282
-2
2.2083
4.1567998
8.7607393
12.465589
5.9385684
-2
-2
4.443418
28.515934
36.988453
8.32
6.334873
4.1729941
3.2424941
1.5587999
-2
-2
23.730254
11.842198
18.013857
4.68
8.2862588
-2
6.24
7.4798037
2.1016167
4.7016167
-2
-2
17.413395
-2
-2
11.222633
1.4478021
8.866
15.425867
13.641133
21.164
18.6195
12.360104
15
3.0253159
10.574134
4.1912241
1.0516332
-2
3.744
1.638
4.605543
6.1307158
4.7835415
17.783885
15.000915
1.8477181
-2
-2
3.12
2.028
11.408776
5.2123315
19.010623
15.342033
10.345959
1.969515
27.27298
.82863745
-2
-2
2.522
16.276
12.513626
17.263279
5.85
-2
5.1960806
-2
13.718557
-2
19.876402
15.431871
18.30208
-2
-2
9.5217676
10.129792
11.073771
6.14873
13.26
6.5450347
1.25
13.95
11.57
1.3714286
-2
19.76
36.946422
35.513859
35.109008
14.82
15.5
14.75
15.805991
15.636027
5.3283999
11.201742
10.718245
9.308
7.2536357
10.147807
9.0602891
6.82
-2
47.640648
2.444
12.603281
11.232659
6.5949341
34.305062
25.45358
11.600924
13.492379
2.808
3.2085
5.4296929
9.5129141
21.058199
12.695972
12.249423
11.462818
13
6.903
19.659123
7.189
13.456352
16.086374
10.313458
18.584297
7.3669092
4.3887539
7.54
10.816
5.5
6.9391104
10.53
9.88
35.097813
43.683602
3.12
33.823223
14.411086
4.7009355
5.3249219
13.31045
21.302303
-2
12.402
21.1575
10.550115
7.1972861
11.571443
-2
1.157
3.9755
2.6
8.554
6.3010972
20.187529
2.08
3.3440117
8.7828506
18.505238
6.3791572
-2
.04828571
-2
3.9990762
12.87
6.7672056
5.5413584
6.24
4.2932222
7.3496533
13.109309
24.367113
3.3032317
-2
10.0097
11.504851
17.485
28.502557
34.598613
20.733949
21.916859
10.423296
7.8
13.198152
9.8761572
14.757553
17.797691
23.49007
2.1839658
7.8660508
11.979215
12.23018
-2
-2
9.2368975
12.571
2.6648499
7.228
-2
45.514262
12.789839
.21257141
13.810624
33.7
59.349422
7.1875293
10.057737
6.0385249
4.3718809
27.053652
41
25.45358
25.819863
7.4877554
14.266976
12.009238
8.244707
3.5556694
7.421709
18.931184
4.42
7.4287949
-2
7.2698774
4.5912588
22.768828
2.7217144
-2
-2
12.624053
6.9053115
-2
-2
2.288
-2
8.164
8.3824482
7.2697002
3.588
24.690994
32.260508
-2
-2
-2
-2
10.868
5.3420454
8.3107334
11.83
11.5
17.545496
21.99492
-2
14.988
-2
9.9566113
1.6857144
-2
1.6199999
5.7959473
14.831409
5.7376514
-2
-2
2.2857141
36.622172
6.175
3.978
21.409684
5.9316782
4
19.285
16.37806
17.806492
-2
-2
8.1089561
6.76
-2
-2
12.009238
17.113164
17.725906
-2
14.955543
10.4
17.209238
7.2115474
8.044748
17.773672
14.945047
15.475867
7.1454966
13.663
-2
8.0281758
22.397229
16.752887
19.579973
9.7201572
-2
-2
12.311528
5.3468271
6.6591221
3.4512703
6.5870674
25.45358
21.786512
-2
18.614318
20.415705
7.8160024
8.9168594
8.8868359
3.042
3.874
-2
8.7447334
6.4849883
2.9611777
7.6258662
3.5535334
4.0191167
-2
40.152887
53.152887
7.421709
4.862
6.0799062
6.968
22.817553
11.067588
23.458945
17.406467
20
.0006
29.5
2.9864617
10.418154
14.789388
14.777224
15.846189
35.847574
43.800984
6.2075
-2
11.644513
8.216
11.396672
11.216628
14.118594
5.5378423
-2
6.3048501
11.365354
10.595
-2
17.713625
29.386607
18.21201
10.5
8
10
1.6399537
-2
24.757045
13.559336
12.363511
3.2954331
6.9953809
9.3405156
20.207852
36.994457
-2
-2
7.54
-2
1.4989407
5.8845264
6.3071279
21.616629
-2
7.5402402
8.5385684
-2
-2
7.3471919
16.728869
8.4877109
5.7182329
3.587697
20.956689
25.510816
28.371494
44.542266
4.109561
4.8937646
8.6935742
-2
-2
7.95
-2
1.759
20.87408
24.599
7.9823682
14.110855
18.75
32.114773
18.013857
22.808314
30.109701
-2
-2
-2
7.9936118
-2
6.6923433
5.6983838
3.816447
35.817551
20.435568
21.616629
16.812934
21.762
20.151502
13.927475
13.752945
10.075
14.5
21.001154
37.214727
-2
11.408775
-2
12.22
27.848027
7.205543
11.405543
15.05142
10.874185
3.2571428
6.4666016
11.348694
13.309754
9
15.035565
20.818314
6.019397
13.270209
22.068775
-2
3.094
3.38
11.230769
7.1445674
36.600273
1.3321429
26.992264
31.712471
3.4886838
9.5135518
4.6638477
13.710602
21.5
3.2564641
7.436
11.18
-2
20.715936
2.184
5.1318477
19.340877
-2
4.0891455
2.0091169
1.2601563
22.817553
23.454041
14.078385
2.886
-2
1.0747125
24.396768
22.21709
12.315474
17.075631
14.425918
1.8400001
3.7228638
-2
-2
9.6496025
-2
25.183371
-2
3.771106
8.45
-2
-2
5.4362656
6.5728232
15.612009
12.309469
15.101617
2.9957141
-2
8.3102617
1.8299792
4.862
4.3243262
10.351672
-2
-2
7.5114458
12.405543
-2
-2
9.3071592
3.8956001
8.7626406
-2
12.788201
13.868747
11.13291
25.177367
4.1799678
5.5713823
-2
-2
7.0614321
11.229703
3.458
10.86836
12.481929
17.2
16.447813
17.6345
13.927613
24.240648
7.575
43.692687
-2
11.600924
26.276211
-2
21.016166
8.9449326
8.7113379
-2
15.329793
17.011086
4.394
1.1241293
4.9633501
5.0962651
.52571429
12.546996
18.794313
12.441
13.931823
27.020785
12.0925
12.261432
20.423324
16.136469
11.408776
20.860047
-2
5.5242495
5.9445728
7.02
14.829136
11.546883
14.771363
1.9499626
7.375
6.5025
7.8060044
10.470746
-2
20.115473
-2
35.42125
-2
-2
7.25
15.107621
12.601716
.62
12.381524
-2
39.150555
64.495609
4.7
22.5
29.985502
-2
13.915814
17.174697
24.331871
7.124
1.2
-2
23.514088
8.600501
3.7142856
-2
24.518
17.251
11.835104
-2
19.647113
29.318418
27.681295
10.613582
8.3929561
17.9725
23.365217
17.648633
9.9378105
28.575432
22.787529
5.061894
3.7473203
-2
-2
-2
11.919168
-2
5.632333
8.5625869
14.981524
-2
14.218937
-2
45.635105
4.3504263
26.5
14
9.62
9.6073906
27
13.056993
4.1058564
11.513384
15.020317
-2
2.7621248
18.207582
20.641914
21.6035
28.852193
.4366275
-2
4.6397236
8.5926094
5.0517007
2.86
-2
4.1573999
9.2889248
42.809
39.835164
11.336
12.09
25.009238
.05725283
18.463352
37.052656
5.362125
25.241008
26.433625
1.4415756
9.0069287
32.376906
2.5005999
15.43187
21.158775
10.697416
7.8336582
6.1681714
-2
4.1814507
11.518882
-2
1.472
9.0369512
24.7
9.0512998
10.021709
3.952
-2
8.8129785
6.8332568
12.657737
-2
-2
9.1570635
15.714089
9.9976904
9.802
.79346747
.468
-2
1.6611428
-2
5.4210269
-2
-2
-2
2.1918003
-2
5.4822173
-2
3.3526167
16.060066
14.711316
1.2800486
4.6118477
2.8860759
-2
-2
7.922166
6.9267485
17.275289
8.1062358
-2
10.062
1.1374249
4.9372651
-2
3.38
37.57741
2.678
1.6435714
4.238
-2
3.0653882
36.95
8.8091318
7.5658198
11.704388
11.018476
25.229793
5.0536138
-2
6.825
15.154744
21.5
28.934338
13.184758
15.616004
13.355054
-2
-2
35.521844
15.154744
.0006
6.7016167
3.263
5.1981001
-2
-2
20.415705
15.011547
15.66695
14.867437
24.528785
35.7
16.212471
-2
28.5
7.9236719
-2
-2
-2
18.559809
11.5
8.5083184
4.9595
10.373822
12.828118
18.00693
22.35
33.535797
14.504158
38.429563
38.609699
33.745859
7.3889038
3.723165
7.9645264
7.8
2.7506001
30.212471
14.609238
3.4660444
-2
-2
13.075879
42.016164
17.25
8.3560156
17.840184
25.339492
13.810624
7.54
.0012
-2
5.4882217
9.1039258
-2
-2
16.812934
-2
11.68649
28.696219
7.5192686
9.75
10.192
8
9.0285
-2
2.054
7.6274927
27.679729
7.8
34.256352
-2
9.945
-2
13.810624
1.8475751
12.6097
3.1525
9.386
22.21709
-2
.0006
8.2263281
19.605082
8.866
10.604157
-2
6.25
7.690918
11.1605
7.7279448
7.3976904
10.999377
-2
-2
1.5639955
-2
-2
15.377829
11.362
3.6155046
-2
15.239723
-2
-2
12.61
10.986358
9.3090518
11.258661
6.5210166
-2
6.2
11.703003
13.210162
-2
31.404156
10.959
-2
6.2822041
-2
13
-2
19.815242
2.2929238
16.452656
-2
10.80088
10.856352
-2
13.263545
13.549423
12.009238
25.78482
-2
-2
9.9744229
12.915936
13.944896
3.4493335
10.706235
21.654949
-2
1.7953811
7.79
5.928
17.797391
39.282219
37.770637
-2
11.309699
11.435797
9.2471133
30.013857
11.000462
-2
33.012703
7.02
18.013857
15.6
1.7393999
1
-2
7.7853062
3.674541
8.4871582
14.705543
-2
10.297922
8.2475527
14.783373
9.5764531
36.006598
11.96
-2
8.8258975
50.837445
4
-2
18.85
14.801
7.592
16.69284
29.73923
8.2228633
7.15
-2
14.632644
-2
9.75
20.684
-2
.84285718
37.228637
17.413395
-2
5.196
4.55
4.602
9.2290996
13.226587
7.9513286
21.95243
5.7538462
10.796305
-2
33.25
6.2322974
34
15.306004
10.820323
-2
-2
2.99
10.733252
38.166586
19.322064
7.8060049
-2
4.6
108.69
11.429102
7.449499
5.5302539
57.5
17.581984
30.83958
-2
10.808314
29.1
14.919568
8.4064668
59
5.3882798
13.990762
-2
-2
11.05
5.4349307
8.4765205
9.425
5.3020786
7.2055425
8.413874
6.4784185
4.29
14.711316
27.921883
19.811547
8.125
24.359238
1.7513087
20.319
4.205686
4.901
17.207418
-2
29.430092
18.115936
13.458055
10.526098
27.25
11.259
15.071594
28.221709
6.5
17.906467
28.538436
38
10.579388
2.874436
9.672
5.6247852
-2
16.620785
-2
10.781519
11.44
-2
-2
16.124827
7.15
-2
-2
30.623559
11.704075
-2
18.013857
.66725507
-2
12.6695
9.8222861
3.64
21.016166
4.628
7.0692617
12.038
16.607721
3.61272
8.060582
.31992984
23.908775
-2
-2
15.272323
12.844
6.2227383
14.411086
10.211565
21.462879
-2
5.6720786
18.626344
22.14123
-2
31.344111
4.7179146
-2
18.106928
-2
8.1062354
38.429563
12.309469
39.528789
2.964
19.5
12.6097
8.684
3.0688333
6.994
53.573211
6.7852197
17.113164
29.422633
8.84
-2
-2
6.76
15.755206
-2
20.5
7.9260977
17.893764
-2
25.913957
-2
6.1145635
11.854619
21.316398
22.817553
17.840184
-2
9.49
-2
6.1127021
10.4
15.179676
12.004619
-2
-2
-2
14.203291
4.0250742
8.06
-2
-2
-2
6.0006001
-2
2.3388999
-2
1.5006
15.224796
11.396768
24.318707
25.009211
3.4667549
15.612009
11.422286
9.396
2.756
-2
20.93
-2
8.71
-2
8.7666719
40
2.4018477
6.6230947
-2
30.275
-2
9.3770547
12.369516
27.091164
27.920297
3.809
24.809238
-2
6.89
3.780335
21.801166
7.4942305
29.615436
9.0249424
15.0484
-2
15.197691
10.704388
10.95843
26.6
-2
16.12
13.060047
36.5
19.4
9.36
19.815242
14.507159
-2
25.819861
15.7
-2
16.439941
7.776269
7.1497705
6.5687227
27.41709
-2
22.908775
12.478984
6.5
3.7852578
14.3
-2
9.3071592
9.535335
19.686145
13.628148
6.0046191
6.0046191
1.6203563
6.6006001
5.5552183
38.513859
-2
-2
33.625867
17.55
3.12
-2
10.244
16.212472
33.12148
3.4971428
17.113164
12
26.420324
1.069394
12.099308
14.411086
6.665127
.35999997
19.357621
7
16.812934
-2
3.9455
4.3045908
13.705543
-2
-2
-2
42.5
19.607391
10.5
9.3784648
-2
-2
12.108032
17.881256
-2
-2
9.3262393
10.279157
23.302912
-2
-2
18.872434
14.96976
36.861348
43.418016
28.035
10.2
29.411086
31.969566
12.520354
4.94
5.596
3.7115
13.705543
-2
-2
9.3407568
12.168
7.02
12.22
-2
5.9809458
15.66695
6.5045083
17.425404
12.381524
-2
5.694
8.8036953
27.549273
50.9
16.296162
12.048394
21.926467
-2
-2
12.056834
15.657143
-2
11.709007
29.273955
15.618014
12.009238
20.722908
18.406467
-2
8.7874854
7.15
15.974437
9.0567852
5.72
32.84802
11.447952
12.873205
.0012
