4.5
-2
-2
-2
-2
-2
5
-2
15
90
42
8
.19
-2
5
-2
-2
3
-2
-2
-2
.1
-2
.026
15
20
60
35
35
37
-2
.75
-2
15
3
15
-2
-2
40
40
40
-2
-2
6
-2
-2
-2
-2
5
7
-2
.25
3
11
1
70
-2
1
-2
-2
10
7.5
-2
3
.8
3
-2
.05
.25
20
4
-2
3.5
1.5
.03
11
-2
.3
-2
2.3
-2
50
10
15
20
3
-2
-2
5
1
9
5
20
8
26
-2
-2
3
-2
2.1
7.5
5
2
1
15
110
-2
-2
-2
70
.5
-2
-2
1.5
7
6
-2
3
4
4.5
20
-2
1
7.5
6.5
-2
-2
-2
50
100
25
20
15
20
-2
-2
100
1
25
-2
-2
-2
7
.5
-2
-2
2
30
-2
-2
.1
8
40
12
-2
1.5
-2
-2
10
10
4.2
-2
-2
-2
-2
1.6
7
7.5
-2
10
-2
3
3.5
3.5
16
7
7
5
1.9
-2
-2
-2
3
52
3
-2
7
10
-2
3
.8
.4
5
150
3
.2
1
1
.001
.25
25
-2
20
-2
90
.32
3
14
-2
-2
-2
3
7
-2
15
16
20
.16
.1
.35
35
.1
.02
-2
5
6
8
7
-2
-2
15
10
3.5
3
46
5.3
15
5
25
-2
.7
5
-2
25
20
2
7
30
15
24
7.5
-2
30
4
-2
-2
.05
-2
-2
.367
-2
.4
-2
-2
2
.01
-2
7
6
20
3
170
-2
50
35
-2
15
15
20
-2
-2
25
-2
-2
-2
-2
.3
-2
-2
-2
-2
1.2
1.9
20
.25
2.5
-2
1.2
7.5
.75
16
50
2.8
-2
-2
5.8
33
-2
30
-2
-2
-2
2
5
-2
10
25
-2
20
2
15
12
3
-2
-2
3
-2
18
-2
-2
28
-2
-2
16
20
25
1
3
-2
15
-2
-2
-2
-2
15
-2
12
12
1
60
13
45
-2
.1
1
5.5
-2
-2
15
5
1
-2
.015
-2
30
20
-2
3
2
10
-2
.1
-2
1.9
1.8
16
4.5
-2
12
3
2
5
-2
5
-2
-2
3
22
-2
7.5
-2
3
.25
4
.02
-2
1.7
-2
-2
3
.25
-2
-2
3
-2
-2
60
-2
-2
1
-2
3
.5
.25
-2
-2
7
15
2.6
-2
.75
-2
1
-2
4
-2
3
-2
-2
10
5
-2
-2
-2
-2
5
-2
-2
-2
3
30
5
-2
-2
15
3
3
-2
.001
5
25
-2
-2
15
3.75
11
-2
-2
3
5
14
.75
4
-2
-2
1.7
.8
35
-2
5
-2
5.4
15
.3
25
7
38
6
.12
-2
1
40
43
-2
7
-2
-2
-2
3.9
-2
-2
4.5
.003
.07
-2
-2
.4
2
-2
50
9
1.5
.25
3
4
20
40
15
-2
.01
7.5
.001
-2
6
20
3
1.12
-2
18
50
-2
-2
2
-2
2.5
3.05
-2
2
.25
2
-2
3.8
-2
-2
90
-2
-2
.25
-2
1
.25
-2
16
.2
3.5
-2
-2
-2
-2
-2
3
4
3.5
4.6
.85
-2
3
3
.1
4
5
1.5
15
10
3.5
-2
4
-2
4.5
-2
-2
7
.75
-2
.01
-2
3
-2
1.1
3
7.5
-2
-2
1.5
8
3.5
.75
-2
-2
21
3
20
.13
-2
4
-2
45
-2
.25
1.25
12
10
50
100
7
-2
-2
.4
.3
-2
.3
.05
.15
.2
20
16
18
19
-2
.365
-2
-2
6
.01
-2
.325
-2
5
20
-2
-2
-2
11
15
2
7
36
3.5
-2
4
-2
.4
1
-2
-2
-2
-2
7.5
-2
1
-2
9
-2
.4
.7
-2
-2
.4
3
1.027
-2
-2
-2
2
-2
-2
-2
-2
4
15
-2
2.5
5
-2
5
12
-2
13
10
12
-2
3
6
3
-2
-2
15
3
-2
3
-2
25
1
-2
-2
.35
.1
.001
1
-2
1.5
-2
15
-2
-2
10
5
.1
5.6
9
16
12
-2
.001
3
12
5
50
-2
10
1
-2
3
-2
4
7.5
7
-2
5
-2
.8
.1
-2
5
-2
-2
-2
4.5
3
15
-2
5
13
5
60
-2
-2
-2
19.2
64
.4
-2
-2
-2
25
-2
3
2
-2
.25
-2
-2
.5
-2
-2
-2
-2
-2
1.3
-2
-2
.2
7.5
-2
3
-2
-2
10
-2
-2
9
-2
1.8
2.5
.3
.028
5
3
1.1
12
4
4
4.2
3.6
3
10
5
3
-2
1
-2
-2
.1
-2
-2
-2
-2
-2
-2
2.5
2
6
6
.5
-2
-2
-2
4
7.5
6
-2
4.3
1.5
-2
.02
3
.5
-2
-2
3
-2
9
.005
1
72
3
-2
13.5
-2
-2
-2
-2
-2
1.3
-2
-2
15
-2
-2
-2
9
-2
5
6
10
-2
-2
-2
7
-2
-2
15
.2
-2
-2
14
11
15
.05
-2
1.5
-2
-2
-2
3
-2
26.5
-2
-2
-2
-2
2
5
14.65
-2
2
-2
6
-2
-2
4
-2
-2
-2
4.5
11
-2
-2
-2
1
-2
-2
-2
6
10
-2
-2
3
25
-2
4
.02
1.45
16
-2
3
-2
1
-2
-2
15
.2
-2
15
10
-2
.75
-2
7.5
.8
3
.75
-2
-2
2
.75
7
7.5
3
9
3
4.1
7.5
-2
-2
.75
.75
-2
8
4
7.5
5
3
.25
-2
-2
-2
-2
-2
.5
15
-2
.75
-2
12
.8
10
-2
3.5
30
-2
-2
.106
8
-2
-2
14
.5
3
1.95
-2
-2
-2
-2
-2
38
16
.35
.911
-2
-2
-2
.02
.7
.5
1.5
3.5
-2
.5
-2
17
-2
-2
-2
.25
-2
7.5
.2
.102
-2
-2
7.5
-2
-2
-2
-2
-2
-2
14.5
-2
-2
-2
-2
4
9
-2
-2
-2
-2
-2
30
.099
-2
3
1
.5
-2
12
-2
-2
-2
-2
.5
2
1.5
-2
-2
.7
.3
20
-2
-2
.4
-2
-2
-2
-2
50
10
.25
-2
2
2.5
2
-2
-2
-2
-2
-2
-2
-2
-2
-2
-2
.5
-2
15
3.4
4
-2
-2
-2
2
-2
.006
-2
.7
-2
1.5
3
25
.25
-2
10
-2
.002
.02
3
6
10
-2
1
3.45
3.5
40
-2
.05
-2
.05
.7
-2
.75
-2
-2
1.5
1.5
-2
-2
-2
1
10
16
-2
3
5
4
7
-2
.024
12
-2
12
40
1.8
-2
9
-2
-2
-2
.5
2.3
-2
3.2
10
8
9
15
.001
-2
-2
-2
-2
2.5
-2
1
-2
-2
1.4
14.7
1
.3
.5
-2
-2
-2
-2
-2
-2
-2
5.5
1.74
1
-2
.736
-2
-2
-2
-2
-2
.6
.2
14
-2
3
-2
-2
-2
.6
10.5
-2
-2
16
-2
-2
3
-2
.75
-2
-2
1
-2
-2
-2
-2
.75
-2
-2
3
-2
20
1.2
.12
10
.3
-2
.25
8
.6
-2
.25
12
-2
1.2
-2
-2
-2
.75
.115
-2
3
-2
-2
3
.2
.2
.5
-2
10
-2
-2
-2
.4
-2
5
-2
-2
-2
7.8
-2
.3
-2
-2
6
14
-2
-2
2
2.5
-2
-2
.05
-2
3
1.8
2.9
-2
-2
6.5
-2
-2
60
16
-2
-2
-2
3
50
3
-2
-2
-2
1.2
10
-2
20
-2
-2
-2
80
60
-2
-2
-2
-2
1
3
3
-2
2
-2
19
-2
-2
25
.001
-2
-2
-2
21
10
.25
-2
3
-2
3
-2
-2
15
3
-2
-2
-2
-2
-2
-2
-2
-2
-2
-2
-2
23
19
1
-2
.5
3
-2
-2
-2
26
-2
20
-2
2.5
3
-2
-2
-2
1
.099
.214
-2
1.6
.5
4
1.25
3
1
-2
12
31
-2
-2
-2
7.5
.015
25
-2
3
.75
11
15
-2
-2
-2
-2
.25
22
31
-2
-2
2
-2
4
3
20
-2
1
7.5
-2
3.4
-2
-2
-2
-2
.162
-2
-2
10
-2
12
.75
-2
3
.25
40
-2
-2
19
3
.027
.2
5.9
-2
-2
-2
3
-2
4
2.7
.75
-2
8
10
.5
2.5
15
-2
-2
.3
-2
1
19
7.5
-2
-2
3
31
15
-2
-2
-2
-2
-2
2.5
-2
-2
-2
-2
-2
1.6
24
3.4
1.2
-2
-2
25
-2
-2
5
-2
-2
-2
2
5
-2
-2
10
-2
6
25
28
.1
6
30
.2
29
1
30
.2
2.5
150
2
-2
3
-2
.25
.75
-2
15
-2
7.5
.75
-2
-2
-2
10
-2
1
36
-2
-2
14
3
6
-2
5
-2
50
.6
.25
7.5
3
2.2
3
3
-2
-2
25
4
7.5
-2
46
35
.001
-2
7.5
-2
-2
-2
-2
-2
.2
.053
-2
-2
-2
-2
-2
.087
3
.078
5
-2
.75
-2
5
-2
-2
-2
12
-2
1.5
.25
-2
-2
22
7
-2
-2
-2
-2
.7
22
100
-2
-2
.2
-2
-2
-2
-2
-2
25
-2
-2
.1
-2
.25
7.5
-2
7.5
30
50
-2
7
-2
-2
10
-2
3
-2
-2
-2
.005
-2
-2
-2
-2
-2
1.8
-2
12
.05
-2
4
-2
1
-2
-2
-2
4.5
-2
.2
-2
.25
.2
-2
35
-2
-2
-2
10
-2
7.5
-2
-2
-2
8
-2
-2
-2
-2
9
-2
3
-2
7
1
.6
-2
-2
-2
-2
-2
-2
-2
-2
1
-2
-2
6
-2
3
-2
15
-2
-2
7.5
70
-2
100
-2
-2
1.5
-2
-2
.5
.2
-2
-2
-2
-2
-2
3
3
4
12
1
-2
3
-2
-2
-2
-2
-2
-2
-2
3
-2
-2
-2
-2
2
-2
-2
-2
-2
.5
-2
-2
.5
-2
-2
-2
3
.25
-2
-2
15
10
16
-2
13
-2
.4
-2
6
-2
.3
-2
-2
-2
-2
.75
-2
-2
4
-2
-2
8
3
-2
-2
3
.4
-2
-2
.5
-2
-2
5
-2
6
2.5
7.5
-2
.25
1
-2
-2
-2
-2
1
-2
.2
-2
.3
-2
-2
-2
.021
-2
.005
-2
-2
-2
-2
-2
70
-2
-2
5
.2
2.5
-2
.5
.05
.3
4.5
-2
.5
6
-2
7.5
-2
6.5
.15
-2
9
.4
-2
-2
