-2
-2
.02
-2
-2
-2
1
-2
15
150
40
2
-2
-2
4
-2
-2
3
-2
7
-2
.3
-2
.026
15
1
22
150
14
37
15
1.4
.5
15
3
9
-2
.4
.15
3
.846
-2
.2
8
-2
-2
-2
.8
5
3
.2
.5
.5
40
3
4
.8
8
2
-2
-2
7.5
.1
-2
10
1.04
-2
-2
-2
20
2
-2
13
34
1
11
-2
.3
-2
-2
-2
7.5
-2
3
4
3
.2
-2
3
1
9
-2
-2
34.5
9.6
3
3
3
-2
.6
7.5
5
2
4
16
-2
-2
-2
3
10
-2
-2
.3
10
6
10
-2
15
-2
5
20
2.5
2.5
8
4.5
20
-2
-2
50
100
11
5
8.004
15
-2
3.3
8
6
50
-2
-2
16
-2
.75
.7
.56
3
9.303
6
-2
4
12
30
-2
.2
.8
-2
3
-2
7.5
.5
8
.75
.02
8
-2
-2
5.8
-2
.5
2.3
1.6
7.5
20
15
-2
3
35
.04
2.5
7.5
.6
2.705
53.15
-2
-2
10
1.4
9.5
1.2
16
-2
5
18
25
.2
1.8
.03
12
-2
25
-2
15
1.5
15
9
1
16.5
-2
-2
7.5
12
6
7.5
25
-2
10
7.5
3
-2
.7
-2
23
5
5
4
5.5
.7
4
2
12
-2
-2
10
75
5
2
5
25
-2
.75
.75
15
2.5
25
12
3
-2
7.5
3
4
-2
-2
-2
.25
.2
.05
1.9
3.7
-2
1
3
-2
-2
1.2
.1
-2
10
1
13
3.5
3
-2
15
.8
-2
10
-2
12
-2
-2
13
3
16
3.3
-2
-2
-2
-2
-2
-2
.9
3
2
.5
.468
2
.25
80
.816
7.5
7.5
1.6
-2
4
-2
.05
.001
-2
.015
-2
2.5
.2
.75
-2
3.5
7.5
-2
.75
3
3
-2
3
-2
-2
15
1
-2
-2
-2
3
.39
6
18
18
6
-2
1.2
-2
3
2
30
-2
-2
-2
-2
15
.89
20
22
1.6
16
-2
-2
3
4
.3
.3
4
3
2
-2
1
-2
-2
6
.1
.114
-2
3.024
3
25
.75
5.5
4
-2
.051
-2
15
6
2.4
-2
-2
1.558
3
-2
3
20
7.5
-2
.25
3.5
-2
-2
-2
-2
1.5
-2
.5
-2
.3
.4
.1
5.5
2
2.5
15
-2
-2
2.5
8
38
.15
.1
-2
.008
-2
4
3.3
-2
-2
.07
1
-2
-2
-2
-2
3
-2
67
-2
-2
-2
-2
17
25
.15
-2
-2
1.8
-2
-2
-2
4
10
3
-2
-2
.1
3.8
25
-2
-2
7.5
3.75
6
-2
-2
3
5
28
-2
.25
.3
-2
15
.62
6.5
-2
-2
.45
8
-2
.4
2.3
30
29
13
2
2
4.5
7
42
.008
5
1
1.5
.5
15
5
-2
.5
2
2
-2
-2
-2
2
2.5
7.5
2
1
.004
20
5
8
3
-2
-2
3.5
3
.01
.1
7
23
1.2
1.5
-2
15
20
5
-2
1.75
.1
.94
17
1
-2
.1
2.5
8
2.5
-2
10
-2
-2
.6
.2
.7
1
-2
-2
9
-2
13
-2
5
-2
4
-2
4
3
1.02
-2
-2
-2
3
3
.25
2
6
15
-2
10
1.2
.08
-2
.25
-2
-2
.001
-2
1
-2
-2
-2
.75
4
.02
22
1
11
15
.001
-2
4
-2
1
-2
21
.6
15
6
-2
-2
1.8
6
.5
.6
1.25
12
-2
6.726
.75
1
-2
-2
.128
.1
-2
12
.5
.2
-2
22
23
7
-2
-2
-2
-2
.7
.15
-2
-2
.5
.2
7.5
-2
-2
.036
5
-2
-2
2
7
1.6
3.5
-2
4
-2
.4
.8
.002
.15
1.5
.55
3
.074
2.295
-2
3
-2
4
.75
.05
-2
.6
3
17
7.5
4.5
5
.75
-2
-2
-2
-2
-2
15
-2
3
10
-2
.05
12
-2
11
7
12
-2
3
6
3
-2
-2
9
10
5
18
25
4
10.5
.15
.3
-2
.2
-2
-2
-2
1.5
.6
-2
1.5
3.5
4
-2
-2
-2
4
5.5
.75
.2
.15
-2
.7
5
50
-2
9
11
1.5
.05
-2
4
-2
5
-2
5
-2
.6
.17
-2
-2
-2
.001
.002
4.5
-2
14
-2
5
13
35
15
1
-2
.2
2.6
27
.4
-2
-2
.3
2.5
3
24
3
-2
-2
-2
-2
.1
-2
29
-2
-2
-2
-2
.04
-2
.2
5
-2
3
-2
-2
7.5
-2
3.9
12.5
2
.12
.23
.3
.028
-2
25
8
10
6.076
3
3
7.5
3
.6
10
6
.001
-2
-2
-2
7
1.5
-2
4
6
3
.2
4
2
7
-2
-2
-2
-2
-2
4
25
.1
.5
-2
-2
.001
.02
-2
.5
4
8
.75
-2
-2
1
.02
22
1.6
-2
-2
-2
-2
.2
-2
-2
1.6
-2
-2
7
7.5
-2
-2
7.5
11
11
19
7
3
-2
.75
3
-2
-2
-2
.023
.001
4
3
15
15
1
3
1.5
5
-2
4
1.4
-2
25
-2
-2
1.5
-2
.2
3
2.6
.8
2.6
-2
6
15
3
1.2
.2
1
3
15
20
5
-2
-2
1
5
-2
-2
8
10
15.5
-2
3
20
3
.25
.75
.2
28.8
10
-2
4
1
-2
2.6
11
.8
-2
8
-2
1
.25
5
-2
-2
3
-2
-2
-2
-2
-2
-2
3
-2
9
10
.3
5
6
-2
.325
3
-2
3
2.5
7.5
5
-2
-2
-2
-2
.25
-2
.25
-2
-2
-2
.8
-2
2
.8
10
-2
.27
2.5
-2
5
.75
15
-2
-2
7
5.5
2
1.95
-2
1
10
-2
-2
7
1
.15
-2
-2
-2
-2
27
.8
-2
.05
.5
-2
.24
-2
3
-2
.058
.75
-2
-2
.75
-2
.25
-2
-2
10
-2
-2
-2
-2
-2
-2
6
-2
-2
.75
2.5
-2
-2
1
25
1.5
1
1.5
35
-2
.15
-2
16
-2
-2
15
.005
-2
.18
-2
2
5
7
.04
-2
-2
-2
-2
.04
6
-2
1.7
-2
.75
.25
30
25
3
3
8
8
-2
-2
2.5
-2
-2
.75
-2
-2
-2
-2
.35
-2
-2
15
4.2
-2
.03
.75
1.3
2
-2
.001
8.5
.7
-2
.15
.1
2
-2
2
7.5
-2
-2
-2
6
2
-2
-2
-2
.95
.2
3
-2
.05
-2
.09
-2
-2
1
7.5
17
4
8
-2
.75
3
12.5
5.5
3.5
.5
11
5
25
-2
-2
.024
30
-2
3
100
.55
-2
1
1
4
-2
-2
-2
12
3
5
-2
4
5
-2
-2
7.5
.002
-2
-2
-2
3
3
.6
.5
-2
-2
2
-2
-2
1.5
-2
-2
.015
.3
-2
-2
-2
-2
-2
.25
-2
-2
-2
3
.9
-2
-2
14
-2
-2
-2
-2
-2
1
4
-2
.001
16
-2
-2
3
-2
.5
-2
-2
-2
1
3
-2
-2
-2
-2
18
4
.5
20
2
.4
5
.08
1.3
-2
9
.6
-2
-2
12
-2
6
-2
.001
-2
-2
-2
-2
1
-2
-2
10
.2
.2
.5
1.3
10
.7
.25
-2
.4
-2
25
-2
-2
-2
8
39
3
-2
.01
2
14
-2
1.5
16
2.5
-2
2
6
1.5
3
-2
-2
3.5
-2
20
-2
1.5
25
9
5
-2
-2
7
15
5
.007
-2
1.5
2
-2
-2
20
.1
-2
-2
-2
52
.2
-2
-2
.1
1
.2
7.5
-2
2
-2
19
-2
-2
-2
-2
-2
3
.95
-2
-2
18
3
5
-2
3
3
8
5
-2
-2
-2
7.5
-2
-2
72
-2
.3
-2
-2
4
25
.25
1
.5
3
20
3
-2
20
-2
-2
2
-2
16.164
-2
-2
2
-2
2
-2
.068
3
7.5
.2
4
-2
43
3
-2
9
32
35
-2
-2
7.5
-2
4
.25
3
7.5
16
15
-2
-2
-2
.8
.25
12
25
-2
1
.5
-2
1.7
3
50
-2
1
-2
10
1.2
25
8
15
-2
.162
-2
1
3
15
12
-2
-2
-2
.01
40
2
-2
-2
7
2
2
6
-2
.001
.07
10
-2
4
-2
-2
-2
.56
-2
.5
5
15
7.5
-2
.332
-2
-2
11
7.5
-2
-2
9
7.5
15
-2
-2
-2
-2
.5
2.5
-2
-2
-2
-2
3
14.5
7.5
-2
1.5
1
20
25
-2
-2
5
6
8
-2
-2
5
6
-2
.1
20
13
3
40
-2
7.5
7.5
1.5
4
1
-2
11
2.5
15
10
3
8
.001
-2
3
7
25
.25
7.5
2
15
-2
5
15
.75
-2
.8
-2
3
1.4
3
9.5
-2
12
-2
45
-2
.17
3
3
2.2
2.015
3
.5
7.5
3
-2
2
.2
19.8
.3
-2
-2
7
-2
1
-2
-2
-2
.2
.001
-2
.75
-2
-2
-2
.085
3
-2
-2
.05
-2
-2
5
-2
-2
-2
-2
-2
-2
-2
-2
-2
-2
2
-2
.2
-2
-2
-2
8.5
15
-2
6
-2
-2
-2
10
-2
-2
25
-2
-2
1
-2
.25
8.2
7
6
20
70
.5
2
-2
-2
-2
-2
5
-2
-2
-2
3
4
.2
10
-2
-2
1.8
-2
-2
-2
-2
-2
-2
1
-2
-2
-2
4.5
3
-2
-2
.25
3
13
1.9
-2
25
1
2
-2
5
-2
-2
16
8
-2
-2
-2
-2
2
-2
.54
-2
7
.5
.56
-2
3
-2
-2
-2
3
-2
-2
.6
-2
-2
-2
-2
.6
-2
9
-2
-2
12
30
-2
100
-2
-2
.06
-2
.045
5
.6
-2
-2
3
3
-2
3
15
4
.67
2.5
-2
-2
-2
-2
-2
-2
-2
-2
-2
18
-2
-2
-2
-2
.5
-2
-2
-2
-2
-2
-2
-2
.5
3
-2
-2
9
.3
-2
-2
-2
10
3
-2
13
-2
.4
-2
-2
-2
-2
-2
-2
-2
-2
1
-2
-2
5
-2
-2
10
.3
-2
-2
-2
.5
-2
.9
-2
1
-2
6
-2
6
2.5
7.5
-2
.56
1
-2
-2
-2
-2
-2
-2
.25
-2
.3
-2
-2
-2
.001
-2
-2
-2
-2
.4
25
-2
7
7.5
-2
1
-2
.1
11
-2
23
.3
-2
-2
-2
7
-2
-2
-2
-2
-2
-2
-2
-2
-2
-2
